1 3 8 1344
1 2 8 2454
1 2 7 5297
1 3 7 12313
0 3 3 13548
0 2 3 19094
1 3 6 22672
1 2 6 25282
0 5 0 27000
0 0 1 32266
2 2 4 34063
2 3 4 37032
0 4 0 43422
2 4 4 46328
2 1 4 47594
2 5 4 58141
2 0 4 59203
1 3 5 61094
1 2 5 62532
2 4 3 63938
2 1 3 66766
2 4 2 72969
2 1 2 74438
2 5 3 76797
2 0 3 82563
2 1 5 85469
2 4 5 86360
2 5 5 93438
2 0 5 95625
0 3 2 111828
0 2 2 113047
0 3 1 114500
0 2 1 115938
2 5 2 120188
2 0 2 121641
0 4 1 122782
0 1 1 123985
2 5 6 126313
2 4 6 128407
2 0 6 141078
2 5 1 184062
