敌人种类  入口编号  入场时间 （如果同时生成多个敌人的话只控制这一小波敌人的第一个的时间就好了,用VS按alt更方便）
0 0 20000
0 1 20000
0 2 20000
0 3 20000
0 4 20000
0 5 20000
0 0 20000
0 1 20000
0 2 20000
0 3 20000
0 4 20000
0 5 20000
1 0 40000
1 1 40000
1 2 40000
1 3 40000
1 4 40000
1 5 40000
1 0 40000
1 1 40000
1 2 40000
1 3 40000
1 4 40000
1 5 40000
0 0 60000
0 1 60000
0 2 60000
0 3 60000
0 4 60000
0 5 60000
1 0 60000
1 1 60000
1 2 60000
1 3 60000
1 4 60000
1 5 60000
2 0 80000
2 1 80000
2 2 80000
2 3 80000
2 4 80000
2 5 80000
2 0 82000
2 1 82000
2 2 82000
2 3 82000
2 4 82000
2 5 82000
3 0 100000
3 1 100000
3 2 100000
3 3 100000
3 4 100000
3 5 100000
1 0 105000
1 1 105000
1 2 105000
1 3 105000
1 4 105000
1 5 105000
1 0 120000
3 1 120000
3 2 120000
3 3 120000
3 4 120000
3 5 120000
0 0 120000
0 1 120000
0 2 120000
0 3 120000
0 4 120000
0 5 120000
end